0
0
0
0
0
0
0
0
0
0
0
0
0
0
0
0
0
0
0
0
1
0.286317
0.47721
0.759505
0.977747
0.325916
0.162958
0
-0.274384
0.150653
0.104557
0.206131
0.624599
0.989627
0.76443
0.545173
0
-0.591064
-0.0960972
0.00181717
0.0109914
0.166928
1
0.918019
0.841224
0
-0.697063
-0.128947
-5.01153e-05
0.550271
0.2503
0.958351
0.95879
0.938404
0
-0.232354
-0.352788
-0.160595
0.304314
0.43377
0.893033
0.936725
0.947757
0
-0.0774515
-0.220865
-0.244749
-0.0336769
0.234802
0.520535
0.783431
0.860078
0
-0.0387257
-0.149158
-0.232807
-0.139213
0.100563
0.377669
0.651983
0.783431
0
0
0
0
0
0
0
0
0
0
0
0
0
0.982259
0.924274
0.985613
1
0.25
0
0
1
0.0787194
0.282124
0.820977
0.985524
1
0.581479
0
-0.845066
-0.387223
0.0275398
0.109901
0.579156
0.98212
1
0.772586
0
-0.81854
-0.451102
-0.0561998
0.065814
0.288408
1
0.950599
0.908262
0
-0.870645
-0.524603
-0.0712803
0.118828
0.387614
0.980712
0.966639
0.948512
0
-1
-1
-0.191098
0.651122
0.401475
0.963252
0.951072
0.953306
0
-0.187115
-0.438653
-0.372678
-0.0781945
0.201945
0.521259
0.795615
0.866711
0
-0.0661417
-0.231021
-0.319237
-0.182325
0.0812189
0.369635
0.65521
0.789523
0
0
0
0
0
0
0
0
0
0
0
0
0
0.162124
0.438759
0.986187
1
0.5
0
0
0.142857
0.0180397
0.169683
0.481286
0.985932
1
1
0
-0.881986
-0.523451
-0.0281487
0.0933893
0.53558
0.978417
1
1
0
-0.840189
-0.63067
-0.223907
0.662533
0.442566
1
0.987305
0.984476
0
-0.866919
-0.733405
0.174893
0.635603
0.370657
0.991149
0.982344
0.971722
0
-1
-1
-0.202735
0.0726579
0.322412
0.990038
0.975029
0.968771
0
-0.312445
-0.705459
-0.558661
-0.168512
0.128986
0.504195
0.814352
0.884017
0
-0.12489
-0.410918
-0.518863
-0.294511
0.021056
0.339096
0.658855
0.804983
0
0
0
0
0
0
0
0
0
0
0
0
0
0.0891687
0.31575
0.993881
0.425724
0.356431
0
0
0
0
0.0951805
0.263559
0.991962
0.911955
0.83442
0
-0.125998
-0.198368
-0.084153
0.174294
0.200933
0.633953
0.928888
0.960211
0
-0.423811
-0.780132
-0.828677
-1
0.0870423
0.55407
0.868948
0.946285
0
-0.423811
-0.800124
-0.84801
-1
-0.114514
0.475853
0.837095
0.918923
0
-0.327247
-0.73593
-0.663616
-0.404458
-0.0882346
0.421052
0.810366
0.901209
0
-0.234242
-0.616475
-0.640411
-0.366534
-0.0719547
0.315213
0.690035
0.822445
0
-0.136672
-0.467155
-0.630251
-0.433529
-0.119504
0.21911
0.580949
0.752193
0
0
0
0
0
0
0
0
0
0
-0.61849
-0.451696
-0.000101522
0.058989
0.183743
1
0.345658
0.192845
0
-0.937332
-0.790427
-0.00013814
0.064576
0.182794
1
0.809883
0.623305
0
-1
-1
-0.996653
-0.983985
-0.000378372
0.467546
0.820598
0.867831
0
-1
-1
-0.997482
-0.750008
-0.324586
0.231226
0.643604
0.81551
0
-0.263946
-0.670261
-0.846384
-0.895795
-0.571123
0.0482812
0.522725
0.718093
0
-0.145001
-0.480903
-0.720747
-0.76843
-0.548936
-0.053946
0.437347
0.651883
0
-0.100927
-0.377246
-0.605047
-0.595606
-0.406308
-0.0618735
0.365456
0.575801
0
-0.0837922
-0.332222
-0.559795
-0.551899
-0.360101
-0.0562306
0.327208
0.527746
0
0
0
0
0
0
0
0
0
0
-0.791121
-0.529969
-0.000755724
0.00830454
0.0358624
0.174229
0.217127
0.140696
0
-0.945018
-0.849933
-0.000833032
0.0185773
0.0789781
0.379373
0.560896
0.483391
0
-1
-1
-0.997099
-0.986141
-0.232225
0.268012
0.615187
0.701641
0
-1
-1
-0.997547
-0.985829
-0.609022
-0.0284897
0.431098
0.627622
0
-1
-1
-1
-0.924721
-0.723012
-0.282389
0.223722
0.455287
0
-1
-1
-1
-1
-0.776002
-0.415304
0.0686337
0.313107
0
-1
-1
-1
-1
-0.727897
-0.427181
-0.0124097
0.214757
0
-0.275232
-0.619543
-0.745573
-0.800163
-0.682453
-0.405815
-0.034002
0.176523
0
0
0
0
0
0
0
0
0
0
-0.113017
-0.204873
-0.105085
-0.0139338
0.00431903
0.0306301
0.0602838
0.0693526
0
-0.264165
-0.5283
-0.317107
-0.0586904
0.0104882
0.101983
0.217789
0.264024
0
-1
-1
-0.670467
-0.430252
-0.228466
0.0540203
0.313894
0.426941
0
-1
-1
-1
-0.866762
-0.619814
-0.199426
0.207756
0.391984
0
-1
-1
-1
-0.967837
-0.813857
-0.468001
-0.0165329
0.211511
0
-1
-1
-1
-1
-0.88649
-0.623579
-0.216207
0.0149039
0
-1
-1
-1
-1
-0.912913
-0.681338
-0.329627
-0.122402
0
-0.5
-1
-1
-1
-0.910203
-0.687332
-0.362639
-0.171018
0
0
0
0
0
0
0
0
0
0
-1
-1
-0.187137
-0.0437366
-0.00762162
0.00390393
0.0135454
0.0184573
0
-0.5
-1
0
0
0
0.0205289
0.0640948
0.0889282
0
-1
-1
-0.52726
0
0
-0.00592087
0.109484
0.176315
0
-1
-1
-1
-0.642106
-0.3982
-0.199687
0.0400173
0.167788
0
-1
-1
-1
-0.925244
-0.747689
-0.492382
-0.161179
0.0175154
0
-1
-1
-1
-0.984726
-0.903692
-0.705099
-0.383283
-0.194301
0
-1
-1
-1
-0.997818
-0.955091
-0.809743
-0.535554
-0.366168
0
-0.5
-1
-1
-0.999454
-0.966455
-0.839771
-0.589065
-0.43259
0
0
0
0
0
0
0
0
0
0
-1
-1
-0.296784
-0.0577184
-0.0128395
-0.000929422
0.00436233
0.0067727
0
-0.5
-1
0
0
0
0.00420281
0.0255183
0.0388201
0
-1
-1
-0.529808
0
0
0.00365201
0.0470468
0.0867895
0
-1
-1
-1
-0.542341
-0.260076
-0.150952
-0.0140265
0.0747507
0
-1
-1
-1
-0.891837
-0.678309
-0.459489
-0.203308
-0.060581
0
-0.5
-1
-1
-0.977492
-0.890337
-0.712215
-0.435486
-0.272231
0
-0.5
-1
-1
-0.995636
-0.960332
-0.843406
-0.60842
-0.459418
0
-0.5
-1
-1
-0.998909
-0.976455
-0.882417
-0.672648
-0.535554
0
0
0
0
0
0
0
0
0
0
0
0
0
0
0
0
0
0
0
0
1
0.278907
0.464833
0.740103
0.974856
0.325503
0.162855
0
-0.781553
-0.203003
0.0944804
0.193303
0.515263
0.986783
0.763552
0.54485
0
-0.841846
-0.351167
0.00119506
0.0095371
0.140657
1
0.917487
0.840872
0
-0.872189
-0.370158
0.00148761
0.0442332
0.196724
0.959156
0.958829
0.938281
0
-0.257372
-0.415839
0.062624
0.237421
0.366093
0.891159
0.936578
0.94773
0
-0.0810255
-0.233957
-0.223738
-0.00834307
0.219197
0.50837
0.781404
0.859534
0
-0.0396192
-0.153325
-0.230827
-0.127627
0.102995
0.370726
0.648435
0.782418
0
0
0
0
0
0
0
0
0
0
0
0
0
0.688119
0.977462
0.983604
1
0.25
0
-0.640561
-0.131726
0.0479926
0.742729
0.801212
0.981786
1
0.581427
0
-0.906252
-0.594405
0.0130559
0.105663
0.540388
0.978439
1
0.772425
0
-0.92915
-0.709196
0.432754
0.0189082
0.158601
1
0.95007
0.90802
0
-0.951212
-0.780309
-0.101953
0.0352879
0.193479
0.976199
0.966323
0.948345
0
-0.990799
-0.939515
-0.376188
0.0308832
0.224471
0.957435
0.950283
0.953155
0
-0.188408
-1
-1
-0.12686
0.170561
0.500491
0.792709
0.865977
0
-0.06675
-0.303434
-0.46683
-0.26103
0.0724289
0.359645
0.650477
0.78829
0
0
0
0
0
0
0
0
0
0
0
0
0
0.0667569
0.217989
0.983042
1
0.5
0
-0.641152
-0.200283
0.00832545
0.0808065
0.266253
0.980582
1
1
0
-0.938887
-0.708374
-0.01573
0.070981
0.38557
0.974523
1
1
0
-0.957969
-0.848483
-0.30196
0.0278303
0.108599
1
0.986765
0.984343
0
-0.960827
-0.865819
-0.504996
-0.0601127
0.0758747
0.990601
0.981914
0.971495
0
-0.989957
-0.945981
-0.623556
-0.101761
0.063353
0.989491
0.974165
0.968471
0
-0.311248
-1
-1
-0.303039
0.0659667
0.467022
0.809761
0.882873
0
-0.124902
-0.517916
-0.759431
-0.450993
-0.0136433
0.320053
0.650675
0.803109
0
0
0
0
0
0
0
0
0
0
-0.626168
-0.110751
0
0.0386194
0.127177
0.989465
0.42522
0.356368
0
-0.639023
-0.11614
0
0.0428593
0.128277
0.98657
0.910701
0.8342
0
-1
-1
0
0.0431455
0.0750014
0.591227
0.924981
0.959566
0
-0.994477
-0.979152
-0.946938
-0.0264033
0
0.504499
0.862238
0.944891
0
-0.982379
-0.967631
-0.961031
-0.123288
-0.0219389
0.430964
0.83025
0.917107
0
-0.370076
-1
-0.978059
-0.180239
-0.0363472
0.390694
0.804734
0.899487
0
-0.236348
-0.65236
-0.754883
-0.458254
-0.101731
0.290677
0.683122
0.820195
0
-0.136785
-0.508572
-0.741031
-0.531287
-0.159384
0.199797
0.571797
0.749317
0
0
0
0
0
0
0
0
0
0
-0.769036
-0.429494
-5.64748e-05
0.0352026
0.132325
1
0.34533
0.192741
0
-0.926481
-0.753451
-0.000427678
0.0353449
0.127903
1
0.80909
0.622945
0
-0.993228
-0.977634
-0.757364
-0.467985
0
0.44329
0.815376
0.866434
0
-1
-1
-0.996441
-0.983866
-0.263786
0.213336
0.633585
0.812277
0
-0.339228
-0.774997
-0.893151
-0.806498
-0.452984
0.0530892
0.513984
0.714054
0
-0.190113
-0.564776
-0.793708
-0.725561
-0.449223
-0.0344876
0.432533
0.648629
0
-0.10693
-0.409238
-0.666227
-0.621452
-0.388218
-0.0549082
0.362401
0.573249
0
-0.0848058
-0.341721
-0.590236
-0.588552
-0.376257
-0.0598877
0.323765
0.525253
0
0
0
0
0
0
0
0
0
0
-0.796542
-0.535644
-0.000392979
0
0.0302952
0.17043
0.216852
0.140621
0
-0.944269
-0.840092
-0.00238085
0
0.0661931
0.370808
0.559978
0.483102
0
-0.996599
-0.989547
-0.873051
-0.855746
-0.196806
0.263699
0.612249
0.700407
0
-1
-1
-0.996901
-0.986059
-0.575095
-0.0228854
0.427162
0.624857
0
-1
-1
-1
-0.937379
-0.719318
-0.268451
0.22264
0.452315
0
-1
-1
-1
-1
-0.753265
-0.396471
0.0714604
0.311631
0
-1
-1
-1
-1
-0.717393
-0.414094
-0.00885631
0.214571
0
-0.275982
-0.624293
-0.75722
-0.811041
-0.682109
-0.399734
-0.0314333
0.176648
0
0
0
0
0
0
0
0
0
0
-0.901018
-0.854101
-0.218789
-0.0220435
0.00285359
0.029908
0.059964
0.0692783
0
-0.990113
-0.975266
-0.208254
-0.0614256
0.00665187
0.0995335
0.216652
0.263693
0
-1
-1
-0.683489
-0.408424
-0.218486
0.0549171
0.312599
0.426156
0
-1
-1
-1
-0.849185
-0.603221
-0.192886
0.207794
0.390967
0
-1
-1
-1
-0.943092
-0.809906
-0.462385
-0.0147516
0.211111
0
-1
-1
-1
-1
-0.885285
-0.618914
-0.213102
0.0157328
0
-1
-1
-1
-1
-0.910616
-0.67645
-0.326229
-0.120792
0
-0.5
-1
-1
-1
-0.908602
-0.683485
-0.359523
-0.16928
0
0
0
0
0
0
0
0
0
0
-0.983535
-0.913902
-0.332643
-0.0615579
-0.00944805
0.00363633
0.0134581
0.0184064
0
-0.993087
-0.981739
-0.101972
0
0
0.0198244
0.0637157
0.0886878
0
-1
-1
-0.51151
0
0
-0.00566172
0.109164
0.175924
0
-1
-1
-1
-0.639297
-0.393614
-0.197096
0.0405979
0.167663
0
-1
-1
-1
-0.923861
-0.744538
-0.489513
-0.159845
0.0179821
0
-1
-1
-1
-0.98461
-0.903014
-0.703623
-0.381893
-0.193349
0
-1
-1
-1
-0.99781
-0.954804
-0.80871
-0.534223
-0.365015
0
-0.5
-1
-1
-0.999454
-0.966132
-0.838708
-0.587734
-0.431408
0
0
0
0
0
0
0
0
0
0
-0.986555
-0.986517
-0.30421
-0.0781343
-0.0152955
-0.00119117
0.00431797
0.00675088
0
-0.992636
-0.996139
0
0
0
0.003853
0.0253385
0.0387035
0
-0.5
-1
-0.519766
0.5
0
0.00359635
0.0469036
0.0866146
0
-0.5
-1
-1
-0.195038
-0.259152
-0.150022
-0.0136378
0.0748157
0
-1
-1
-1
-0.891313
-0.676819
-0.45784
-0.202386
-0.0601023
0
-0.5
-1
-1
-0.977305
-0.889672
-0.711194
-0.434602
-0.27155
0
-0.5
-1
-1
-0.99562
-0.960196
-0.842972
-0.607766
-0.458738
0
-0.5
-1
-1
-0.998907
-0.976381
-0.882087
-0.672058
-0.534889
0
0
0
0
0
0
0
0
0
0
0
0
0
0
0
0
0
0
0
0
0.142857
0.203109
0.135264
0.191457
0.272345
0.224672
0.137544
0
-0.913136
-0.912782
0.086224
0.208017
0.349749
0.575794
0.589072
0.4757
0
-0.901744
-0.516976
-0.000414734
0
0
0.509749
0.763205
0.758329
0
-0.90823
-0.484361
0.00506735
0.0077964
0.00372703
0.40143
0.787122
0.856661
0
-0.291113
-0.51418
0.062624
0.0190427
0.00588811
0.403454
0.762533
0.861265
0
-0.0899301
-0.269059
-0.218789
-0.00987994
0.118488
0.35895
0.663207
0.78593
0
-0.0427389
-0.168493
-0.236386
-0.115188
0.0798656
0.301251
0.577983
0.722306
0
0
0
0
0
0
0
0
0
0
0
0
0
0.0458746
0.109589
0.133536
0.141143
0.142643
0
-0.644468
-0.192329
-0.0105079
0
0.288602
0.425796
0.430883
0.390275
0
-0.921009
-0.685528
-0.0052561
0
0.318439
0.596067
0.675037
0.62609
0
-0.945643
-0.804512
-0.0316612
-0.0283328
-0.0284602
0.509431
0.787646
0.805759
0
-0.97343
-0.905074
-0.274287
-0.0556384
-0.0211232
0.399971
0.792441
0.865391
0
-0.996178
-0.975328
-0.748937
-0.175338
-0.0204533
0.395841
0.76925
0.86542
0
-1
-1
-0.890209
-0.571716
0.0319638
0.342127
0.667586
0.790444
0
-0.16992
-0.482797
-0.604469
-0.381192
-0.0220735
0.281269
0.576855
0.726227
0
0
0
0
0
0
0
0
0
0
0
0
0
0.000314657
0.000344929
0.22253
0.29759
0.304842
0
-0.646168
-0.207668
-0.0110827
0.000397736
0.000402102
0.487008
0.671167
0.692598
0
-0.953072
-0.811612
-0.00567352
0
0
0.535005
0.78242
0.819938
0
-0.965476
-0.918082
-0.551439
-0.162972
-0.101088
-0.000854906
0.103235
0.785647
0
-0.977038
-0.944788
-0.740467
-0.146795
-0.0512423
-0.00127415
0.102253
0.708831
0
-0.996884
-0.985262
-0.777324
-0.147777
-0.027183
0
0.682993
0.777453
0
-1
-1
-0.69114
-0.211269
-0.00626055
0.276988
0.63841
0.785645
0
-0.312457
-0.812457
-0.839871
-0.813956
-0.118831
0.231107
0.561887
0.727116
0
0
0
0
0
0
0
0
0
0
-0.626127
-0.148612
0
9.37579e-05
0.000227285
0.169385
0.272482
0.249412
0
-0.642721
-0.15829
0
0.000122416
0.000257202
1
1
0.697145
0
-1
-1
0
0
0
1
1
0.911159
0
-0.988681
-0.970646
-0.873431
-0.41039
-0.198861
0.810031
0.94069
0.825041
0
-0.980438
-0.968386
-0.904694
-0.234118
-0.0918715
0.526465
0.847529
0.706859
0
-1
-0.997781
-0.742968
-0.144819
-0.0416726
0.137788
0.555306
0.722393
0
-1
-1
-0.565384
-0.161304
-0.00582766
0.164197
0.524357
0.709106
0
-0.318449
-0.774995
-0.833257
-0.803304
-0.147715
0.143879
0.481817
0.663912
0
0
0
0
0
0
0
0
0
0
-0.735595
-0.346309
0.0523224
0.0978934
0.605129
1
1
0.255379
0
-0.895898
-0.655284
0.059211
0.111247
0.670565
1
1
0.720353
0
-0.969214
-0.906168
0.0867195
0.121018
0.798633
1
1
0.932519
0
-1
-1
-0.754737
-0.405881
-0.223375
0.909737
0.964234
0.892638
0
-0.419014
-0.891002
-1
-0.429929
-0.164862
0.686651
0.881104
0.809202
0
-0.285417
-0.715416
-1
-0.46765
-0.118646
0.198815
0.583394
0.681104
0
-0.212592
-0.582736
-0.761569
-0.601472
-0.300161
-0.02327
0.334357
0.535025
0
-0.194484
-0.525026
-0.67405
-0.573818
-0.329802
-0.0524051
0.285117
0.476059
0
0
0
0
0
0
0
0
0
0
-0.767742
-0.410431
0.238059
0.733902
1
1
1
0.320273
0
-0.927973
-0.764142
0.224262
0.721778
1
1
1
0.741406
0
-0.987802
-0.967311
0.217559
0.626403
1
1
1
0.849587
0
-1
-1
-0.794325
-0.521377
-0.195595
1
1
0.806576
0
-1
-1
-0.940104
-0.829776
-0.566385
1
1
0.705339
0
-0.282251
-0.697481
-0.884709
-0.847231
-0.617914
-0.173563
0.318047
0.502895
0
-0.205154
-0.55014
-0.775067
-0.809643
-0.627855
-0.32471
0.058043
0.268922
0
-0.190584
-0.508349
-0.718122
-0.779429
-0.633274
-0.356326
-0.00887981
0.186486
0
0
-0.0689172
0.127144
0.575217
1
1
0.142857
0.0357143
0
-0.881216
-0.601642
0.238245
0.815615
1
1
1
0.302459
0
-0.971522
-0.905349
0.230973
0.908452
1
1
1
0.631681
0
-0.998101
-0.996455
0
-0.0108896
0.238513
0.445668
0.59574
0.662152
0
-1
-1
-0.805568
-0.529403
-0.272358
0.115031
0.454606
0.576269
0
-1
-1
-0.969126
-0.875112
-0.68251
-0.217064
0.283254
0.447588
0
-1
-1
-0.966095
-0.947801
-0.829291
-0.466715
0.00426557
0.208977
0
-0.365827
-0.806724
-0.912014
-0.942837
-0.859275
-0.618121
-0.252361
-0.0435916
0
-0.321373
-0.740981
-0.880493
-0.929945
-0.858453
-0.643564
-0.320347
-0.132351
0
0
-0.0714233
0.113292
0.568223
1
1
0.306122
0.112245
0
-0.951302
-0.727416
0.0962475
0.695741
1
1
1
0.3153
0
-0.982863
-0.939956
0.190478
0.952304
1
1
1
0.544224
0
-1
-1
-0.592169
-0.0197284
0.225798
0.324451
0.415774
0.464206
0
-1
-1
-0.839279
-0.525929
-0.267082
-0.0497351
0.175398
0.288959
0
-1
-1
-0.974265
-0.859901
-0.662893
-0.395318
-0.0601276
0.115866
0
-1
-1
-0.993966
-0.964148
-0.869357
-0.649355
-0.303006
-0.105651
0
-0.424388
-0.906463
-0.972351
-0.978775
-0.935175
-0.779247
-0.488512
-0.311883
0
-0.348777
-0.812925
-0.949694
-0.975474
-0.947412
-0.8178
-0.560482
-0.400331
0
0
-0.0178558
0.0104672
0.170379
0.392056
0.5
0.326531
0.153061
0
-0.983775
-0.983064
-0.229481
0.134913
0.39912
0.499274
0.415402
0.329895
0
-0.966428
-0.980304
-0.463863
0.179825
0.44713
0.501752
0.512579
0.519293
0
-1
-1
-0.617108
-0.0103246
0.269797
0.320551
0.365908
0.397163
0
-1
-1
-0.86787
-0.515989
-0.202482
-0.0453675
0.101611
0.185233
0
-0.5
-1
-0.976693
-0.845316
-0.627139
-0.399974
-0.141955
-0.0009943
0
-0.5
-1
-0.996029
-0.962594
-0.86404
-0.677201
-0.392835
-0.226218
0
-0.428049
-0.916356
-0.984097
-0.986457
-0.948462
-0.825411
-0.581071
-0.426909
0
-0.356097
-0.832713
-0.969703
-0.987234
-0.966641
-0.869484
-0.652673
-0.511368
0
0
0
0
0
0
0
0
0
0
0
0
0
0
0
0
0
0
0
0
0.0204082
0.0523392
0.0558161
0.0546482
0.0740643
0.0815831
0.0765638
0
-0.130448
-0.256157
-0.0948574
0.0922732
0.155318
0.239054
0.293798
0.297281
0
-0.277904
-0.55845
-0.321916
-0.00438198
0.114425
0.277727
0.464057
0.527533
0
-0.298268
-0.563705
-0.348679
0
0
0.186723
0.484288
0.624668
0
-0.213944
-0.467686
-0.330131
0
0
0.143032
0.452654
0.621649
0
-0.0849982
-0.275844
-0.287581
-0.109245
0.0034706
0.147612
0.418777
0.574293
0
-0.0437321
-0.179958
-0.262819
-0.156374
0.000708515
0.15713
0.397136
0.540992
0
0
0
0
0
0
0
0
0
0
0
0
0
0.00305831
0.0105682
0.0169129
0.0194394
0.0200728
0
-0.0429645
-0.0477664
0.0112074
0.0330774
0.0618637
0.109292
0.128644
0.128296
0
-0.176802
-0.317342
-0.133759
0.0421965
0.132448
0.256329
0.331495
0.344398
0
-0.943355
-0.910097
0
0
0
0.267071
0.475702
0.547501
0
-0.98755
-0.984025
-0.636667
-0.0330178
-0.0035716
0.174473
0.485403
0.629983
0
-1
-0.98934
-0.912219
-0.161023
-0.00663427
0.137517
0.451742
0.623179
0
-1
-0.961561
-0.82356
-0.180737
0
0.137417
0.41678
0.575316
0
-0.271866
-0.585174
-0.590825
-0.386464
-0.0897068
0.142504
0.394057
0.541587
0
0
0
0
0
0
0
0
0
0
0
0
0
0.00328317
0.0115356
0.0336678
0.0576546
0.0644784
0
-0.0889067
-0.124685
-0.0388554
0.00245115
0.0380909
0.129983
0.22035
0.245859
0
-0.231559
-0.406125
-0.199132
-0.0209958
0.0597982
0.229275
0.400583
0.455072
0
-0.936578
-0.872713
-0.62348
-0.268699
-0.134894
-0.00137435
0.102679
0.45735
0
-0.983438
-0.961487
-0.639127
-0.14591
-0.03465
0.185422
0.490395
0.417469
0
-1
-0.981471
-0.538481
-0.081293
0.00249134
0.290293
0.638086
0.55157
0
-1
-0.968932
-0.536187
-0.125132
-0.0104161
0.144156
0.399279
0.583016
0
-0.5
-1
-0.489526
-0.364004
-0.134196
0.114497
0.377843
0.530514
0
0
0
0
0
0
0
0
0
0
-0.0417418
-0.054432
0.0758188
0.220555
1
1
0.136887
0.0955768
0
-0.453961
-0.180023
0.0436006
0.135633
0.754516
1
1
0.457016
0
-0.882339
-0.595778
-0.0566612
0.018919
0.105491
1
1
0.759315
0
-0.901195
-0.683076
-0.160685
-0.0261023
0.00813493
0.836603
0.947216
0.659603
0
-0.9446
-0.803484
-0.234067
-0.0578558
-0.00510399
0.577075
0.860289
0.549286
0
-1
-0.952248
-0.269936
-0.0451286
0.0177328
0.264688
0.661245
0.604762
0
-1
-0.968051
-0.292967
-0.0560739
0.00861322
0.119117
0.508326
0.576
0
-0.5
-1
-0.152171
-0.0721837
0
0.086321
0.346854
0.517593
0
0
0
0
0
0
0
0
0
0
-0.667349
-0.206394
0.294491
0.596155
1
1
1
0.301171
0
-0.803805
-0.456059
0.197815
0.369071
0.907039
0.997677
1
0.801171
0
-0.890977
-0.648931
-0.0288709
0.054358
0.432852
0.973875
0.997825
0.999728
0
-0.884649
-0.578281
-0.0591475
0.883806
0.254213
0.897599
0.969293
0.977407
0
-0.834006
-0.505055
-0.0486979
0.037376
0.202412
0.763205
0.916702
0.915882
0
-1
-0.444574
-0.0210744
0.0380913
0.142759
0.595876
0.868717
0.771786
0
-0.366534
-1
-0.0443427
-0.00206031
0.0296915
0.418404
0.774088
0.601224
0
-0.322391
-0.766239
-0.0190949
-0.0115835
0
0.0513456
0.352447
0.535282
0
0
0
0
0
0
0
0
0
0
-0.662528
-0.214361
0.340173
0.664465
0.890642
0.995811
1
0.5
0
-0.875138
-0.599286
0.28782
0.450732
0.78019
0.98442
0.997069
0.999634
0
-0.956738
-0.893705
0.0199677
0.106304
0.534834
0.9487
0.994019
0.998614
0
-1
-1
-0.0204797
0.0750791
0.407316
0.866858
0.981513
0.98836
0
-0.409178
-0.834746
0.483762
0.0831892
0.390325
0.864153
0.977903
0.961344
0
-0.281991
-0.640009
0
0.123403
0.553143
0.898448
0.952054
0.81224
0
-0.175596
-0.495993
-0.574207
-0.441835
0
0.762974
0.848759
0.592182
0
-0.119984
-0.448593
-0.598007
-0.501275
-0.344167
-0.00811592
0.356081
0.503812
0
0
-0.0672047
0.140646
0.594886
1
1
0.306122
0.112245
0
-0.796203
-0.376098
0.299647
0.588448
0.725723
0.911312
0.933889
0.547859
0
-0.936816
-0.759985
0.295721
0.320202
0.408357
0.770795
0.878224
0.976148
0
-0.989157
-0.978326
0
0
0
0.0277358
0.113941
0.822374
0
-1
-1
-0.614576
-0.150087
0.0872493
0.413597
0.663827
0.725456
0
-0.427279
-0.911413
-0.793772
-0.513445
-0.272859
0.19585
0.639969
0.750134
0
-0.29338
-0.718515
-0.758147
-0.608998
-0.429417
-0.0235866
0.416868
0.574045
0
-0.173613
-0.512445
-0.686103
-0.668752
-0.530287
-0.219078
0.145421
0.311387
0
-0.115024
-0.410686
-0.664087
-0.726307
-0.610061
-0.302044
0.0501159
0.199966
0
0
-0.0683026
0.133377
0.592457
1
1
0.6793
0.358601
0
-0.897182
-0.494267
0.291084
0.792685
0.924541
0.917159
0.932968
0.662657
0
-0.955707
-0.779842
0.382493
0.931168
0.862437
0.876803
0.910314
0.956924
0
-1
-1
-0.456828
0.208812
0.468362
0.220328
0.220328
0.64179
0
-0.465817
-0.961857
-0.749671
-0.339021
-0.059051
0.1279
0.284306
0.36549
0
-0.392873
-0.877283
-0.899787
-0.69593
-0.441222
-0.158698
0.164853
0.325761
0
-0.340902
-0.797443
-0.910654
-0.848743
-0.700108
-0.44017
-0.0672653
0.134851
0
-0.239874
-0.638638
-0.838637
-0.866535
-0.798633
-0.609854
-0.290048
-0.10433
0
-0.150463
-0.508497
-0.784172
-0.858251
-0.822534
-0.668709
-0.388975
-0.221375
0
0
-0.0349315
0.0267358
0.351837
0.79017
1
0.746356
0.492711
0
-0.231061
-0.401237
-0.090926
0.410388
0.821706
0.980212
0.854444
0.729598
0
-0.473382
-0.841067
-0.247647
0.541525
0.894859
0.947617
0.954656
0.960821
0
-0.492321
-0.957296
-0.524478
0.199566
0.578644
0.622272
0.621
0.636604
0
-0.433227
-0.928459
-0.824976
-0.414227
-0.03848
0.123871
0.214844
0.273951
0
-0.357336
-0.837229
-0.912768
-0.735473
-0.481379
-0.238262
0.0110723
0.141107
0
-0.341722
-0.801063
-0.931675
-0.893424
-0.755288
-0.53964
-0.238636
-0.0663864
0
-0.250646
-0.668464
-0.882269
-0.921726
-0.870184
-0.722737
-0.453432
-0.287208
0
-0.166066
-0.552341
-0.839022
-0.914075
-0.89478
-0.780727
-0.541915
-0.38928
0
0
0
0
0
0
0
0
0
0
0
0
0
0
0
0
0
0
0
0
0.00291545
0.010809
0.0169949
0.0182085
0.0209887
0.0252337
0.0267042
0
-0.0186354
-0.0545596
-0.0455861
0.0125413
0.0579714
0.0886075
0.117618
0.129558
0
-0.0609982
-0.193879
-0.217915
-0.0828346
0.0493303
0.140347
0.231601
0.276769
0
-0.0910244
-0.292033
-0.356654
-0.19034
-0.0162573
0.107471
0.270316
0.362565
0
-0.0861767
-0.287548
-0.378062
-0.229124
-0.0622459
0.051246
0.242247
0.362376
0
-0.0550171
-0.210174
-0.319575
-0.236245
-0.0904842
0.0275186
0.21187
0.331387
0
-0.0350038
-0.156508
-0.273294
-0.238162
-0.108126
0.0220292
0.201444
0.315323
0
0
0
0
0
0
0
0
0
0
0
0
0
0.000203887
0.000922024
0.00189354
0.00254973
0.00274865
0
-0.0028643
-0.00468477
0.0030152
0.0124348
0.0178531
0.0258144
0.0337611
0.0364014
0
-0.0247809
-0.0702454
-0.0616175
0.000459011
0.0509402
0.0908934
0.127812
0.142493
0
-0.108862
-0.273501
0.0161559
0.031087
0.0649674
0.132362
0.235632
0.284714
0
-0.184531
-0.448545
0.0140371
0.0186514
0.0398194
0.102326
0.269033
0.364504
0
-1
-0.802376
-0.666668
0
0
0.0569265
0.241026
0.362089
0
-1
-0.804244
-0.657414
0
0
0.0363583
0.211515
0.330826
0
-0.267502
-0.54898
-0.542494
-0.326795
-0.0766551
0.0327365
0.200981
0.314735
0
0
0
0
0
0
0
0
0
0
-0.510724
-0.250187
0
0.000436358
0.0020005
0.0051667
0.00915232
0.0110995
0
-0.922528
-0.797868
0
0.00202082
0.01332
0.0319256
0.0550805
0.065829
0
-1
-0.929314
-0.141443
0.215404
0.655932
1
0.211416
0.188643
0
-1
-0.825653
-0.0243621
0.130408
0.486915
0.978602
1
0.360665
0
-0.967218
-0.76246
-0.0436815
0.102343
0.432638
0.8764
0.95369
0.501567
0
-0.963635
-0.849098
-0.256125
-0.00384928
0.143168
0.626347
0.886932
0.552038
0
-0.966696
-0.916727
-0.396334
-0.0954764
-0.0121205
0.0900443
0.116543
0.420238
0
-0.495837
-1
-0.448445
-0.305908
-0.0529852
0.0481799
0.194012
0.286029
0
0
0
0
0
0
0
0
0
0
-0.424807
-0.166296
0.0945693
0.482106
1
1
0.149502
0.0441495
0
-0.891465
-0.675977
0.0434506
0.199894
0.781764
1
0.388625
0.252156
0
-0.958527
-0.766153
-0.0760355
0.0176718
0.11809
1
0.577816
0.481734
0
-0.956993
-0.737398
-0.15466
0.00555322
0.150127
0.935776
0.972494
0.651526
0
-0.94267
-0.722188
-0.192126
0.000426784
0.186422
0.877948
0.950489
0.784656
0
-0.946845
-0.786547
-0.241941
-0.0177516
0.12546
0.687533
0.903632
0.793095
0
-0.957742
-0.90705
-0.295658
-0.0337639
0.018447
0.402144
0.807586
0.615204
0
-0.844821
-0.956603
-0.203717
-0.0452003
0
0.0949981
0.323399
0.457933
0
0
0
0
0
0
0
0
0
0
0
0
0.0394907
0.186866
1
1
1
0.285799
0
-0.874215
-0.58209
0.0196182
0.0970936
0.635226
0.986311
1
0.709377
0
-0.925112
-0.697891
-0.0444415
0.033055
0.293432
0.839422
0.97368
0.867243
0
-0.941085
-0.715907
-0.127147
0.00791297
0.191811
0.786883
0.963941
0.925283
0
-0.936833
-0.713507
-0.164267
-0.00139713
0.159563
0.80505
0.957385
0.942226
0
-0.913149
-0.708972
-0.194323
-0.0125215
0.11019
0.744301
0.914462
0.879115
0
-0.936585
-0.845137
-0.239182
-0.0176385
0.050349
0.537445
0.82435
0.782801
0
-0.845397
-0.95108
-0.186925
-0.0285598
-0.00229897
0.383037
0.706195
0.728587
0
0
0
0
0
0
0
0
0
0
-0.0886585
0
0
0
0.0260651
0.83142
1
0.5
0
-0.26478
0
0.505464
0.0205971
0.106883
0.833822
0.972514
0.996198
0
-0.745082
-0.477667
-0.0143602
0.0669602
0.366573
0.798505
0.958927
0.986754
0
-0.795267
-0.572815
-0.0317615
0.0528892
0.308084
0.728527
0.952334
0.973942
0
-1
-1
-0.0447568
0.0250477
0.201118
0.711081
0.959743
0.959852
0
-0.358344
-0.705357
-0.0614088
0.00604153
0.171703
0.751568
0.915644
0.932826
0
-0.268813
-0.609404
-0.192482
-0.0352632
0.128746
0.700248
0.819342
0.864677
0
-0.218441
-0.587258
-1
-0.0364472
-0.00848908
0.417687
0.706811
0.816635
0
0
-0.00960067
0.00912008
0.106379
0.243038
0.320434
0.232365
0.134622
0
-0.103159
0.00930526
0.294337
0.112139
0.206092
0.825926
0.926458
0.549854
0
-0.248485
0.00908158
0.262003
0.0353854
0.0793804
0.705212
0.884244
0.94905
0
-0.334413
-0.603366
0
0.00880929
0.00844518
0.547242
0.823034
0.827747
0
-0.388044
-0.782305
-0.464626
-0.0643921
0.120538
0.410947
0.68198
0.771197
0
-0.334651
-0.763713
-0.59008
-0.204534
0.0363678
0.36461
0.694193
0.818933
0
-0.206988
-0.592371
-0.562035
-0.261049
-0.0466643
0.291056
0.640637
0.774626
0
-0.117248
-0.410004
-0.501232
-0.348138
-0.159158
0.18998
0.539356
0.65976
0
-0.0919088
-0.34539
-0.497734
-0.431002
-0.256836
0.109178
0.473375
0.588219
0
0
-0.0207297
0.0167579
0.22766
0.537774
0.728749
0.609567
0.456839
0
-0.11977
0.00983912
0.344263
0.9172
0.804191
0.86931
0.927803
0.693559
0
-0.270488
0.00964672
0.33444
0.8359
0.620515
0.866535
0.917417
0.913915
0
-0.315671
-0.610235
-0.25968
0
0
0.723324
0.873733
0.702654
0
-0.29954
-0.715249
-0.613115
-0.232958
0.00378034
0.206693
0.422594
0.510468
0
-0.220547
-0.636038
-0.758232
-0.512282
-0.215856
0.0546564
0.344485
0.487026
0
-0.147775
-0.510745
-0.738682
-0.643758
-0.4239
-0.147329
0.198009
0.378968
0
-0.101319
-0.386751
-0.637494
-0.658597
-0.532849
-0.305333
0.0212441
0.200528
0
-0.0790068
-0.322487
-0.576413
-0.650686
-0.570369
-0.370652
-0.0660391
0.103993
0
0
-0.0222581
0.0152757
0.242563
0.589473
0.816631
0.754404
0.644434
0
-0.127119
-0.198802
0.0265026
0.414435
0.724564
0.847716
0.833107
0.78741
0
-0.280393
-0.437221
0.0122069
0.603654
0.83608
0.842686
0.902289
0.922126
0
-0.317733
-0.615287
-0.297501
0.247038
0.490899
0.579788
0.701098
0.730448
0
-0.260129
-0.671046
-0.670829
-0.305308
0.00624041
0.211417
0.384901
0.45024
0
-0.172347
-0.571151
-0.776404
-0.600124
-0.311568
-0.0602246
0.180849
0.30406
0
-0.137762
-0.490451
-0.766108
-0.751009
-0.560225
-0.309078
-0.00643233
0.16002
0
-0.103734
-0.395431
-0.68238
-0.767887
-0.68414
-0.494772
-0.205093
-0.0345151
0
-0.0852982
-0.341645
-0.62538
-0.750316
-0.714154
-0.561668
-0.295998
-0.134402
0
0
0
0
0
0
0
0
0
0
0
0
0
0
0
0
0
0
0
0
0.000416493
0.00202013
0.00426057
0.0056377
0.00640498
0.0075182
0.00818798
0
-0.00266221
-0.0103608
-0.0134779
-0.00177688
0.0162625
0.030583
0.0424221
0.0481981
0
-0.0117566
-0.0504074
-0.0837408
0
0.152361
0.589872
0.863681
0.313831
0
-0.023397
-0.103356
-0.185426
0
0.129979
0.561833
0.859574
0.556293
0
-0.0286569
-0.130313
-0.247628
-0.226748
-0.0849622
0.098152
0.312977
0.421279
0
-0.0242644
-0.11745
-0.241536
-0.268417
-0.171175
-0.0331358
0.130125
0.224305
0
-0.0198204
-0.101726
-0.222184
-0.266443
-0.19158
-0.0668192
0.0840943
0.170997
0
0
0
0
0
0
0
0
0
0
0
0
0
1.35925e-05
7.59669e-05
0.000192769
0.000309069
0.000357349
0
-0.000190953
-0.000293872
0.000946508
0.0033799
0.00533232
0.00688826
0.0087703
0.00976777
0
-0.00327559
-0.376064
-0.00171833
0.212691
0.49405
0.487423
0.0747159
0.0547314
0
-0.015398
-0.376807
-0.0332259
0.0269422
0.274878
0.634316
0.876033
0.321189
0
-0.0330644
-0.192626
-0.0651358
-0.0206685
0.106099
0.593143
0.861132
0.558375
0
-0.646719
-0.671992
-0.63892
-0.14477
-0.0607816
0.442582
0.828566
0.485609
0
-0.649575
-0.757572
-0.784778
-0.444503
-0.24058
0.286225
0.762112
0.367555
0
-0.216107
-0.452287
-0.973578
-0.65761
-0.322596
-0.0231591
0.204074
0.328905
0
0
0
0
0
0
0
0
0
0
-0.511702
-0.256233
0
4.35892e-05
0.000246394
0.000699859
0.00133093
0.00166776
0
-0.93245
-0.827456
0
0.00149964
0.00398552
0.00775445
0.0127526
0.0154633
0
-1
-0.870202
-0.188029
0.120685
0.576345
0.666472
0.189432
0.0892175
0
-1
-0.791359
-0.156425
0.0297397
0.320283
0.751079
0.904401
0.45243
0
-0.957742
-0.735749
-0.0832475
0.021847
0.207492
0.750054
0.925922
0.75323
0
-0.940877
-0.829342
-0.241071
-0.0217103
0.117465
0.637091
0.89326
0.732445
0
-0.943294
-0.914901
-0.498317
-0.194103
-0.136176
0.16162
0.597212
0.567146
0
-0.444946
-1
-0.756766
-0.439434
-0.20176
0.0231714
0.282704
0.421846
0
0
0
0
0
0
0
0
0
0
-0.413968
-0.177699
0
0
0.0989889
0.140473
0.0870883
0.0308842
0
-0.930869
-0.828701
0
0
0.17242
0.283916
0.211565
0.114387
0
-0.995494
-0.928181
-0.222756
0.00805744
0.156326
1
0.44245
0.261142
0
-0.997287
-0.907508
-0.263641
8.06547e-05
0.193634
0.924147
0.958104
0.657014
0
-0.981658
-0.861811
-0.257668
-0.00504352
0.176938
0.879576
0.951285
0.952048
0
-0.970817
-0.880352
-0.337578
-0.0377155
0.102045
0.704736
0.896781
0.920249
0
-0.970077
-0.958856
-0.562295
-0.090122
0.000899419
0.369081
0.73374
0.729461
0
-0.84493
-0.973921
-0.813826
-0.127607
-0.0108504
0.111742
0.409746
0.56377
0
0
0
0
0
0
0
0
0
0
0
0
0
0
0.184531
0.294933
0.2448
0.185174
0
-0.927546
-0.69242
0.00919969
0.0204816
0.49015
0.604581
0.559453
0.455129
0
-0.939226
-0.770766
-0.0796242
-0.00645893
0.0893834
0.706972
0.818351
0.621492
0
-0.971207
-0.866145
-0.240559
-0.0188923
0.109256
0.795399
0.958959
0.833224
0
-0.959048
-0.830003
-0.236744
-0.0287636
0.105076
0.796568
0.943803
0.957058
0
-0.935242
-0.824642
-0.320348
-0.042004
0.0703605
0.669201
0.886467
0.925538
0
-0.938931
-0.883821
-0.610622
-0.056793
0.0259892
0.456934
0.769141
0.84202
0
-0.845342
-0.948314
-1
-0.0458769
-0.00342628
0.391671
0.7065
0.783704
0
0
0
0
0
0
0
0
0
0
-0.00591056
0
0
0.060233
0.289
1
0.358077
0.32536
0
-0.144074
0
0.00733663
0.0454708
0.186009
1
0.779061
0.739238
0
-0.746995
-0.368562
-0.00448335
0.0699174
0.339475
0.863378
0.933407
0.874424
0
-0.807321
-0.41224
-0.0392342
0.0150074
0.193747
0.656811
0.945433
0.938129
0
-0.863526
-0.638715
-0.0690041
-0.00563105
0.113501
0.571761
0.929236
0.951354
0
-0.866859
-0.748076
-0.128263
-0.0159044
0.09244
0.638848
0.868932
0.921959
0
-0.78551
-0.760524
-0.276262
-0.0160166
0.0591085
0.602206
0.7998
0.849767
0
-0.36623
-0.753591
-1
-0.0360502
-0.00879369
0.413462
0.707149
0.803158
0
0
-0.00137152
-0.000264589
0.016462
0.0522684
0.0879629
0.0915374
0.0809757
0
-0.0131819
-0.0141718
0
0.119985
0.342577
1
1
0.451055
0
-0.0578833
-0.0614612
0
0.0540837
0.240167
0.898434
0.940751
0.857638
0
-0.169447
-0.280876
0
0.0278424
0.235913
0.889319
0.950255
0.905274
0
-0.265771
-0.516678
0
0.00923566
0.472502
0.999295
1
0.905671
0
-0.296972
-0.629201
-0.437009
-0.123257
0.0766816
1
1
0.895365
0
-0.261823
-0.617773
0
0
0.00439075
0.331897
0.71128
0.839958
0
-0.191039
-0.500009
0
0
-0.0279842
0.248559
0.60329
0.737285
0
-0.170326
-0.455319
-0.40624
-0.171174
-0.0498381
0.217713
0.562847
0.690447
0
0
-0.00452884
-0.00151676
0.053514
0.176728
0.306708
0.339618
0.318272
0
-0.0157407
-0.018874
0.0408376
0.150458
0.271098
1
1
0.640919
0
-0.0552472
-0.062706
0
0
0.173207
0.832771
0.934141
0.941352
0
-0.0967757
-0.209889
0
0
0.0339115
0.729991
0.917995
0.905196
0
-0.124644
-0.38086
0
0
0
1
1
0.833699
0
-0.128678
-0.432193
-0.51462
-0.300391
-0.0623044
1
1
0.767907
0
-0.106496
-0.392398
-0.545006
-0.412729
-0.205952
0.137177
0.508045
0.637081
0
-0.0755125
-0.307883
-0.446826
-0.383703
-0.273339
-0.0612967
0.260438
0.435287
0
-0.0606398
-0.261221
-0.398775
-0.371999
-0.297971
-0.115178
0.18703
0.356082
0
0
-0.00631464
-0.00250435
0.0741039
0.248919
0.43749
0.496161
0.474593
0
-0.0169388
-0.0212255
0.045756
0.218647
0.392328
0.58682
0.722719
0.719247
0
-0.0576557
-0.0654175
0.0821807
0.327887
0.471571
0.679703
0.918497
0.94484
0
-0.0922728
-0.201421
-0.0998029
0.113832
0.207942
0.497532
0.849488
0.910821
0
-0.104579
-0.344108
-0.348628
-0.138219
-0.0244083
0.337212
0.734291
0.803581
0
-0.0966762
-0.367219
-0.506288
-0.36645
-0.165001
0.248371
0.628554
0.69177
0
-0.0754369
-0.321859
-0.565989
-0.553213
-0.347147
0.0170614
0.38688
0.512635
0
-0.0538877
-0.25361
-0.495723
-0.558349
-0.441853
-0.226603
0.0763691
0.246934
0
-0.0442078
-0.217866
-0.444738
-0.531655
-0.462122
-0.293205
-0.021237
0.140841
0
0
0
0
0
0
0
0
0
0
0
0
0
0
0
0
0
0
0
0
5.9499e-05
0.000356589
0.000948185
0.00154949
0.00194174
0.00226642
0.00244616
0
-0.000380315
-0.00184676
0.142785
0.41256
0.877287
0.933357
1
0.263052
0
-0.00211415
-0.0113612
0.0389684
0.132869
0.748633
0.90299
0.98707
0.723293
0
-0.00532396
-0.0296738
0
0.0183914
0.61637
0.84941
0.966476
0.9192
0
-0.00819684
-0.0469883
-0.106198
-0.106801
0
0.950561
0.98492
0.780987
0
-0.00873116
-0.0520858
-0.1346
-0.190275
0
0.916007
0.975461
0.600871
0
-0.00824888
-0.0506328
-0.136418
-0.208707
-0.157467
0.177924
0.497114
0.552793
0
0
0
0
0
0
0
0
0
0
0
0
0
9.06165e-07
6.03104e-06
1.83178e-05
3.4677e-05
4.29682e-05
0
-1.27302e-05
-1.43756e-06
0.000233594
0.000810665
0.00146769
1
1
0.127362
0
-0.000434786
-0.384449
0.0653605
0.277355
0.718374
0.907577
0.987085
0.390347
0
-0.00240144
-0.388985
0.00781093
0.0754021
0.494987
0.86945
0.969701
0.725089
0
-0.00623037
-0.194075
-0.0293348
0.0033659
0.263685
0.799337
0.953356
0.917128
0
-0.653097
-0.702725
-0.70892
-0.139604
-0.047922
0.786508
0.94916
0.83952
0
-0.655957
-0.783295
-0.862633
-0.395526
-0.104328
0.676499
0.922454
0.733222
0
-0.167316
-0.381116
-0.973464
-0.628744
-0.186673
0.0961893
0.456694
0.697538
0
0
0
0
0
0
0
0
0
0
-0.0341135
-0.0534699
-0.0206469
-0.00137259
-6.57405e-05
7.82398e-05
0.000177591
0.000231534
0
-0.0985646
-0.180966
-0.0891925
-0.00695224
0.000564776
1
1
0.252922
0
-0.135662
-0.652637
-0.148953
0.122626
0.631611
0.975375
0.997293
0.533756
0
-0.143811
-0.724108
-0.0971834
0.0171886
0.320943
0.937167
0.989468
0.748516
0
-1
-0.895727
-0.0727197
-0.0146947
0.124245
0.87932
0.980229
0.93253
0
-0.980825
-0.91581
-0.494074
-0.123154
-0.0531408
0.785719
0.957423
0.918631
0
-0.973536
-0.941762
-0.671228
-0.256567
-0.12657
0.56834
0.90041
0.851325
0
-0.402795
-1
-0.639747
-0.317547
-0.15226
0.0812001
0.446555
0.795547
0
0
0
0
0
0
0
0
0
0
-0.0639856
-0.100745
-0.0405863
-0.00417081
0.00624465
0.0164444
0.0164195
0.013127
0
-0.199044
-0.373998
-0.196646
-0.0238683
0.0165043
1
1
0.291167
0
-0.286139
-0.725336
-0.360483
-0.14703
0.108852
1
1
0.606687
0
-1
-0.829027
-0.240319
-0.0640844
0.0142162
0.990994
0.997788
0.809867
0
-1
-1
-0.136796
-0.0288187
0.00866978
0.959548
0.982055
0.961156
0
-1
-1
-0.635493
-0.15889
-0.0265506
0.782422
0.928161
0.93939
0
-1
-1
-0.705206
-0.204464
-0.0430915
0.267536
0.619368
0.815794
0
-0.485863
-1
-0.642255
-0.288201
-0.116782
0.132705
0.527163
0.712682
0
0
0
0
0
0
0
0
0
0
-0.0318636
-0.0525507
-0.0247721
-0.00463528
0.0187305
0.0506897
0.0567232
0.0506289
0
-0.171152
-0.330969
-0.187326
-0.0301549
0.0630148
0.229441
0.319769
0.311977
0
-0.296631
0
0
0
0.0611785
0.398849
0.638356
0.623743
0
-1
-0.274249
0
0
0.0336346
1
1
0.851751
0
-0.91752
-0.753785
-0.059676
0
0.00195513
0.894208
0.961938
0.969241
0
-0.92655
-0.887285
-0.377473
-0.0477236
0.0122133
0.63505
0.887859
0.929794
0
-0.919256
-0.896533
-0.42944
-0.0557307
-0.00238552
0.249601
0.589985
0.788938
0
-0.478533
-0.945934
-0.755847
-0.339334
-0.0532123
0.16557
0.506923
0.678059
0
0
0
0
0
0
0
0
0
0
-0.00251828
-0.00618954
-0.00556749
0.33574
0.633204
1
0.200348
0.107493
0
-0.0855376
-0.163382
0
0.167278
0.63895
1
0.513192
0.378928
0
-0.220744
0
0.00672846
0.0729058
0.849427
0.998363
1
0.695198
0
-0.332142
0
0.00271678
0.018828
0.985101
0.998563
1
0.911813
0
-0.849687
-0.576547
-0.00902656
0
0
0.574277
0.858772
0.949767
0
-0.866351
-0.739251
-0.040655
-0.00312545
0.0136271
0.392984
0.765492
0.887812
0
-0.773289
-0.754567
-0.0529132
-0.0054529
0.0135173
0.241899
0.588781
0.769557
0
-0.427123
-0.839054
-0.583085
-0.187904
-0.00472047
0.205859
0.537293
0.686927
0
0
-0.000195932
-0.000261721
0.00227653
0.0101438
0.0214822
0.0287118
0.0300623
0
-0.00144072
-0.00299868
-0.00206809
0.361325
0.679352
1
0.385875
0.258069
0
-0.0207031
-0.0386302
0
0.0649228
0.701238
1
1
0.647163
0
-0.0963589
-0.163644
0.00667392
0.0977474
0.526385
0.885435
0.975936
0.886575
0
-0.175919
-0.30378
0.00442854
0.0356958
0.325801
0.826991
0.953083
0.969764
0
-0.239423
-0.460528
0
0
0
0.670462
0.927425
0.951744
0
-0.282976
-0.768365
-0.0186574
-0.00723042
0
0.298725
0.702673
0.845476
0
-0.268523
-0.768365
-0.0294848
-0.012223
0
0.194014
0.532625
0.696609
0
-0.252295
-0.600228
-0.392766
-0.0490441
0.00136863
0.166415
0.476397
0.631124
0
0
-0.0008709
-0.00128718
0.00984604
0.0458913
0.100169
0.139456
0.149831
0
-0.00202422
-0.00502661
-0.000839935
0.0498978
0.156122
0.350033
0.45677
0.430246
0
-0.0110814
-0.0254114
0
0
0.674821
1
1
0.839692
0
-0.0338331
-0.0922631
-0.034161
-0.0159174
0.16902
0.80757
0.96174
0.960102
0
-0.0641833
-0.198328
-0.0987761
-0.041348
0.0938082
0.655294
0.920297
0.959913
0
-0.0863727
-0.286902
0
0
0
0.615412
0.921726
0.965316
0
-0.093516
-0.338908
0
0
-0.0687194
0.253185
0.671867
0.805377
0
-0.0853257
-0.337261
0
0
-0.0924993
0.0492104
0.362779
0.544125
0
-0.07755
-0.31674
-0.298729
-0.10903
-0.0987186
0.00458303
0.273703
0.439783
0
0
-0.00134994
-0.00205092
0.015139
0.0714948
0.157374
0.221488
0.239537
0
-0.00222062
-0.00588316
0.000986673
0.0376137
0.114194
0.300844
0.461594
0.483961
0
-0.0105117
-0.0245139
0
0
0.18445
0.557256
0.821714
0.847728
0
-0.0246172
-0.0734008
-0.124903
-0.178155
-0.966745
0.552661
0.898026
0.953469
0
-0.0399295
-0.150097
-0.266557
-0.342877
-0.699149
0.436199
0.874111
0.950008
0
-0.0504848
-0.21277
0
0
0
0.412776
0.889091
0.960506
0
-0.0518828
-0.233183
-0.313753
-0.221593
-0.131262
0.2086
0.638426
0.775409
0
-0.0451062
-0.217162
-0.296035
-0.223533
-0.179618
-0.0327794
0.272676
0.450782
0
-0.0402095
-0.201496
-0.272992
-0.207632
-0.187385
-0.0944812
0.152783
0.311609
0
0
0
0
0
0
0
0
0
0
0
0
0
0
0
0
0
0
0
0
8.49986e-06
6.06554e-05
0.481689
0.802827
1
1
0.250567
0
-5.43307e-05
-0.0003162
0.0560226
0.298873
0.890576
0.98341
1
0.750567
0
-0.000364114
-0.00234815
0.0135634
0.119778
0.797248
0.974276
1
0.996768
0
-0.0011146
-0.00747142
0.00195792
0.0683572
0.7071
0.973625
1
0.988387
0
-0.00209077
-0.0144085
-0.0289689
-0.0218945
0.948488
0.989305
0.995682
0.98677
0
-0.00271697
-0.0193169
-0.0575094
-0.092321
0
0.947156
0.982966
0.984757
0
-0.00286203
-0.0207127
-0.065878
-0.118676
-0.070649
0.465791
0.955397
0.979214
0
0
0
0
0
0
0
0
0
0
0
0
0
1
1
1
1
0.125004
0
-8.48682e-07
3.53216e-06
4.80621e-05
0.490947
0.882179
1
1
0.500288
0
-5.88674e-05
-0.0258322
0.0505597
0.260475
0.831197
0.990023
0.998209
0.873445
0
-0.000387201
-0.0547556
0.0173837
0.104791
0.74485
0.96785
0.991653
0.991715
0
-0.00119572
-0.0471868
0.00782266
0.0702375
0.703419
0.95959
0.990455
0.982339
0
-0.04515
-0.117662
-0.134922
0.136079
0.517913
0.947983
0.984342
0.978049
0
-0.0917294
-0.21361
-0.265589
-0.20416
-0.059622
0.809246
0.95094
0.968241
0
-0.0948919
-0.22843
-0.29858
-0.587784
-0.148305
0.106523
0.466016
0.957955
0
0
0
0
0
0
0
0
0
0
-0.00227423
-0.00599051
-0.00534049
1
1
1
1
0.250027
0
-0.00899773
-0.0256259
-0.0253966
0.514832
0.979197
1
1
0.750027
0
-0.0162488
-0.101966
0.0401606
0.193679
0.696428
0.999017
0.999376
0.997745
0
-0.0199336
-0.176778
0.0233072
0.105268
0.651152
0.991599
0.997164
0.991244
0
-0.078264
-0.248923
0.0173173
0.0856027
0.649152
0.977192
0.995626
0.983457
0
-0.184318
-0.404746
-0.329446
0.120078
0.292901
0.913682
0.982503
0.974137
0
-0.238974
-0.52688
-0.0115706
-0.130142
-0.0759412
0.724028
0.935404
0.94783
0
-0.245025
-0.553218
-0.0115442
-0.162948
-0.139713
0.0943509
0.457555
0.927302
0
0
0
0
0
0
0
0
0
0
-0.00669155
-0.017818
-0.0163065
1
1
1
1
0.252075
0
-0.027578
-0.0799908
-0.0821813
1
1
1
1
0.752075
0
-0.0514822
-0.197616
-0.213388
0.0384804
0.341662
1
1
0.999584
0
-0.110218
-0.344731
-0.316604
-0.0698223
0.197411
1
1
0.997636
0
-0.223482
-0.519667
-0.370797
-0.0775436
0
0.986504
0.990896
0.991653
0
-0.297793
-0.64997
-0.510457
0
0
0.922591
0.960901
0.972224
0
-0.311696
-0.695087
-0.0111339
-0.0199253
-0.0131338
0.549853
0.799804
0.885497
0
-0.315526
-0.710992
-0.0111746
-0.055604
-0.0948377
0.231377
0.670593
0.813747
0
0
0
0
0
0
0
0
0
0
-0.00683604
-0.0186993
-0.0180985
1
1
1
0.209352
0.160312
0
-0.03381
-0.101049
-0.109449
1
1
1
0.593256
0.52444
0
-0.0710557
-0.19639
-0.324206
-0.324206
0.273629
1
1
0.818923
0
-0.187702
-0.371372
-0.0312928
-0.671961
-0.0138693
1
1
0.954518
0
-0.295928
-0.588512
0
0
0
0.941428
0.977092
0.988721
0
-0.310752
-0.691416
0
0
0
0.694148
0.910199
0.949888
0
-0.317736
-0.726938
0
0
0
0.304599
0.675039
0.796415
0
-0.318586
-0.733406
-0.558042
-0.178238
-0.0423413
0.164122
0.506973
0.671049
0
0
0
0
0
0
0
0
0
0
-0.00274786
-0.00809369
-0.00893142
0.0849157
0.20453
0.260477
0.185173
0.0814495
0
-0.0222977
-0.0691798
-0.0736172
0.141692
0.416884
0.567728
0.479077
0.319611
0
-0.0600819
-0.121485
0.13229
0.581685
1
0.633164
0.691413
0.654383
0
-0.144557
-0.218427
0.00181496
0.0182516
1
0.681203
0.869327
0.899887
0
-1
-1
-0.0561206
-0.0113287
0
0.571923
0.861021
0.941019
0
-1
-0.972672
-0.118318
-0.0263815
0
0.374488
0.766683
0.873632
0
-1
-0.961824
-0.125971
-0.0369446
0
0.197154
0.588516
0.721569
0
-0.376285
-0.793768
-0.493523
-0.0883065
-0.0108746
0.125548
0.429447
0.61058
0
0
-2.79903e-05
-6.93776e-05
0.000277919
0.00181404
0.00477715
0.00785301
0.0091412
0
-0.000447123
-0.00164399
-0.00240319
0.0510156
0.15764
0.264895
0.223973
0.128992
0
-0.00904616
-0.0289904
0
0
0.309246
1
1
0.498455
0
-0.034318
-0.0756266
-0.0209374
0.0701451
0.339071
0.676629
0.923759
0.822922
0
-1
-0.983894
-0.18832
-0.0239928
0.203313
0.513996
0.844371
0.907236
0
-0.998077
-0.976395
-0.273797
-0.0637405
0
0.446075
0.847744
0.895218
0
-0.988578
-0.966307
-0.237858
-0.0664054
0
0.222837
0.618772
0.793573
0
-0.9697
-0.948267
-0.210517
-0.0762904
0
0.12995
0.44104
0.625573
0
-0.376439
-0.805567
-0.481489
-0.0687246
-0.0146742
0.0970669
0.364248
0.537741
0
0
-0.000156403
-0.000409929
0.00148176
0.0102473
0.0277893
0.0471769
0.0557993
0
-0.000260804
-0.00100622
-0.00128441
0.0311665
0.104566
0.195661
0.216975
0.188349
0
-1
-1
0
0
0.222754
1
1
0.660449
0
-1
-1
-0.195678
-0.0749765
0.104881
0.637142
0.915313
0.972093
0
-1
-0.991552
-0.50531
-0.154132
0.0590736
0.479151
0.837432
0.916491
0
-0.99812
-0.976188
-0.665023
-0.159528
0
0.418369
0.84429
0.887046
0
-0.987453
-0.970767
-0.611747
-0.308609
-0.0449488
0.187426
0.576466
0.76387
0
-0.938581
-0.952222
-0.478006
-0.243172
-0.0613399
0.0711893
0.354184
0.532551
0
-0.282766
-0.658531
-0.465515
-0.131212
-0.0606906
0.0363156
0.266874
0.422657
0
0
-0.000256826
-0.000681104
0.00240767
0.0168666
0.0460243
0.0786477
0.0933162
0
-0.000285628
-0.00116815
-0.0013602
0.0110713
0.0511523
0.12381
0.191754
0.215094
0
-1
-1
0
0
0.154916
0.462995
0.65243
0.668436
0
-1
-1
-0.321664
-0.144163
-0.966676
0.577024
0.915221
0.969263
0
-1
-1
-0.678239
-0.407551
-0.71003
0.375742
0.776742
0.908695
0
-0.268584
-1
-0.574555
-0.208466
0
0.290138
0.711496
0.880936
0
-0.270683
-0.592278
-0.481192
-0.218113
-0.0727256
0.17009
0.561093
0.753587
0
-0.263109
-0.588004
-0.461114
-0.205192
-0.102411
0.0366879
0.315788
0.491324
0
-0.255977
-0.578347
-0.441872
-0.180294
-0.0992529
-0.00835986
0.209341
0.358482
0
0
0
0
0
0
0
0
0
0
0
0
0
0
0
0
0
0
0
0
2.12496e-06
1.72888e-05
0.46164
0.80906
1
1
0.5
0
-1.35827e-05
-9.05078e-05
0.0108979
0.271283
0.873193
0.999872
1
1
0
-0.000104611
-0.000770698
0.00534906
0.0915203
0.699219
0.999889
1
1
0
-0.00036968
-0.00282457
0.00266776
0.0667934
0.608775
0.999276
1
1
0
-0.000801344
-0.00627133
-0.0122227
0.00486295
0.993913
0.99896
1
0.997841
0
-0.00120193
-0.00963329
-0.0300509
-0.0501734
0.208568
1
1
0.989324
0
-0.00135848
-0.0110169
-0.0384132
-0.0749152
-0.0461605
0.473578
0.965061
0.982966
0
0
0
0
0
0
0
0
0
0
0
0
0
1
1
1
1
0.25
0
-1.06085e-07
1.39792e-06
1.50937e-05
0.464624
0.88712
1
1
0.75
0
-1.42558e-05
-0.00328131
0.00461889
0.220529
0.806765
0.999958
1
0.999552
0
-0.000108064
-0.0105146
0.00398673
0.0967532
0.681419
0.99993
1
0.997466
0
-0.000382705
-0.014353
0.0024565
0.0754224
0.725331
0.999649
1
0.995527
0
-0.00619388
-0.029535
-0.0426049
1
0.997061
0.999535
1
0.99262
0
-0.0177109
-0.0633356
-0.106498
-0.0836608
0.15306
1
1
0.978482
0
-0.0236116
-0.0818433
-0.139006
-0.154895
-0.0890258
0.424195
0.922577
0.966953
0
0
0
0
0
0
0
0
0
0
-0.000284279
-0.00103309
-0.00141637
1
1
1
1
0.5
0
-0.0014091
-0.00536071
-0.00778773
0.507502
0.981454
1
1
1
0
-0.00316328
-0.0223408
0
0.113657
0.496535
1
1
0.999396
0
-0.00457856
-0.049495
0
0.042269
0.689097
1
1
0.996601
0
-0.0124726
-0.078428
-0.0577265
1
1
1
1
0.993725
0
-0.0386159
-0.140931
-0.157218
1
1
1
1
0.988232
0
-0.0700214
-0.227884
-0.250553
-0.102459
0.0746383
1
1
0.963297
0
-0.0826759
-0.267798
-0.254412
-0.152866
-0.117466
0.349427
0.854904
0.943172
0
0
0
0
0
0
0
0
0
0
-0.00112072
-0.00409679
-0.00568193
1
1
1
1
0.5
0
-0.00569269
-0.0218708
-0.0323312
1
1
1
1
1
0
-0.0130383
-0.0636881
-0.0857505
0.183273
0.595535
1
1
0.999844
0
-0.0247354
-0.127372
-0.160952
-0.0248649
0.269282
1
1
0.999135
0
-0.0539872
-0.21525
-0.242109
-0.0754089
0.192653
1
1
0.995922
0
-0.097982
-0.325895
-0.377086
-0.133156
0.133774
0.592753
0.966237
0.982482
0
-0.129098
-0.413683
-0.392411
-0.111575
0.0217296
0.414247
0.848596
0.919653
0
-0.137668
-0.443159
-0.311168
-0.043193
-0.0597856
0.296201
0.752272
0.867604
0
0
0
0
0
0
0
0
0
0
-0.00169095
-0.00625562
-0.00886529
1
1
1
0.401169
0.302338
0
-0.00936446
-0.0365591
-0.055449
1
1
1
0.850326
0.700652
0
-0.0229907
-0.0948714
-0.324206
-0.324206
0.541196
1
1
0.898314
0
-0.0525573
-0.191321
-0.324206
-0.327547
-0.0285845
1
1
1
0
-0.102166
-0.330201
0
0
0
1
1
0.991997
0
-0.140994
-0.44719
0
0
0
0.443084
0.92297
0.959772
0
-0.154747
-0.500174
0
0
0
0.307257
0.727142
0.836486
0
-0.157358
-0.512865
-0.35829
-0.00776482
-0.00826478
0.21033
0.582324
0.737422
0
0
0
0
0
0
0
0
0
0
-0.00119799
-0.00454712
-0.00672787
0.132236
0.286181
0.308126
0.206875
0.0986311
0
-0.00821145
-0.0328391
-0.0508897
0.252064
0.606003
0.681202
0.536883
0.366714
0
-0.0234057
-0.0844186
-0.324206
-0.324206
0.511211
0.736426
0.74558
0.690936
0
-0.0579246
-0.171384
-0.0351821
-0.0421333
0.232941
0.696766
0.859388
0.890185
0
-1
-1
-0.221797
-0.0555357
0
0.522586
0.862749
0.92686
0
-1
-0.98515
-0.265779
-0.080715
0
0.322748
0.762123
0.878749
0
-1
-0.979263
-0.250661
-0.0847738
0
0.196299
0.563853
0.735109
0
-0.329434
-0.751625
-0.453683
-0.0407288
-0.00923616
0.125438
0.441327
0.631778
0
0
-6.99758e-06
-2.4342e-05
5.21354e-05
0.000522991
0.0016478
0.00315754
0.00392651
0
-0.000399373
-0.00162008
-0.00264621
0.0156007
0.0625242
0.111767
0.118393
0.10425
0
-0.00431735
-0.0178058
-0.0241075
0.024084
0.17074
0.397675
0.497665
0.472055
0
-0.015718
-0.0526282
-0.105195
-0.0911912
0
0.61784
0.746471
0.773562
0
-1
-0.986192
-0.455979
-0.156899
0
0.630922
0.729233
0.832217
0
-0.998411
-0.97925
-0.542852
-0.19665
0.140313
0.427064
0.704457
0.855616
0
-0.991361
-0.985333
-0.442948
-0.155574
0
0.201915
0.588693
0.773555
0
-0.973428
-0.972384
-0.347962
-0.142289
0
0.115554
0.41743
0.603753
0
-0.492425
-0.969948
-0.561645
-0.112431
-0.0283088
0.081776
0.339165
0.514778
0
0
-4.60984e-05
-0.000165925
0.000320092
0.00345526
0.011157
0.0218991
0.0275149
0
-8.84909e-05
-0.000442817
-0.00087519
0.00997185
0.0447762
0.0959238
0.123638
0.123994
0
-1
-1
0
0
0.109549
0.406845
0.612688
0.610237
0
-1
-1
-0.321941
-0.103229
0
0.536215
0.894105
0.959768
0
-1
-0.992815
-0.606071
-0.234748
0
0.376657
0.728474
0.880218
0
-0.998464
-0.980012
-0.725271
-0.345308
-0.0173758
0.264997
0.653928
0.843459
0
-0.990234
-0.981846
-0.671187
-0.343987
-0.0804039
0.15372
0.520247
0.721818
0
-0.938581
-0.964608
-0.529378
-0.279073
-0.100096
0.0631393
0.325233
0.497615
0
-0.47707
-0.952193
-0.647253
-0.251996
-0.0952007
0.0349498
0.249091
0.397612
0
0
-7.82016e-05
-0.000283166
0.000535913
0.00586455
0.0190183
0.0374831
0.0471769
0
-6.5201e-05
-0.000355858
-0.000714242
0.00773847
0.0368655
0.0845661
0.121901
0.132076
0
-1
-1
0
0
0.0896218
0.380746
0.603159
0.608487
0
-1
-1
-0.38672
-0.0987555
0.0631646
0.491194
0.888114
0.957656
0
-1
-1
-0.794993
-0.447613
-0.0162885
0.320062
0.717259
0.876372
0
-0.49953
-1
-0.677088
-0.281655
-0.0636465
0.239148
0.64481
0.840861
0
-0.496393
-0.983132
-0.805932
-0.436227
-0.128271
0.140212
0.506638
0.710378
0
-0.481508
-0.962256
-0.753186
-0.410384
-0.164518
0.0380818
0.297316
0.465325
0
-0.469291
-0.945402
-0.715114
-0.360589
-0.152256
0.00492473
0.212687
0.354184
